74.8703253659
58.7396917073
50.4685141463
76.8126819512
76.4915209756
75.2316829268
74.2177243902
75.1097804878
81.6357073171
80.4849268293
70.4365009756
54.5387814634
79.8078717073
58.6304663415
56.6841160976
70.2570702439
73.6632687805
75.9439829268
74.492857561
75.5517365854
70.6353356098
70.3763829268
79.3001756098
65.9305497561
73.4166507317
74.6828360976
77.0772331707
67.5067819512
62.7259785366
47.3286746341
81.0946712195
82.1835609756
79.5234687805
79.9984360976
74.7512609756
49.9185926829
53.4951082927
58.5623390244
73.4007673171
61.5289785366
72.9900126829
78.5208146341
78.7597282927
79.1062609756
77.0675712195
79.6959102439
60.2260136585
78.7362780488
72.9716668293
73.9170214634
74.7210268293
70.4218258537
60.9945239024
81.5243414634
74.9834736585
60.9535760976
79.6460643902
69.3544858537
81.527804878
80.4733658537
68.8985590244
61.7491512195
80.2629756098
74.0423136585
60.5090287805
55.9097156098
59.242544878
53.6590146341
55.7544360976
80.0624326829
72.8355097561
70.9067229268
78.0013765854
66.0013595122
82.8409756098
72.4913995122
76.2638219512
61.0304609756
74.1731112195
68.0480965854
66.3447668293
80.4966829268
73.9401502439
68.6161029268
81.8102439024
81.3912195122
81.8433658537
74.6528346341
73.5212063415
82.6518956098
68.3562243902
58.3749653659
69.3095141463
66.0745653659
65.4209239024
80.291222439
69.9704502439
74.0397112195
64.2336590244
78.2674073171
59.1658473171
72.1036204878
74.4335395122
81.825902439
74.3173370732
47.0534185366
73.4354165854
80.4618814634
73.3140409756
79.3938946341
78.4639760976
72.6560009756
69.5430073171
63.1241317073
75.9673814634
75.8357268293
74.6086570732
55.7505273171
81.0254634146
64.7748521951
74.8227760976
67.3337039024
52.9156082927
61.8012463415
73.1949443902
55.9882053659
74.1077409756
61.8007946341
77.1334297561
57.5743795122
51.1301321951
73.6203819512
80.6325365854
80.6160497561
67.7219634146
80.3997434146
75.835622439
65.004415122
76.7119931707
73.76742
67.845242439
61.8928668293
75.7785795122
78.2098473171
69.2165863415
78.7275946341
72.5787087805
75.4012512195
77.6460463415
73.5889292683
68.5954146341
60.7641185366
73.8271868293
61.7861858537
63.644502439
80.9286678049
66.8957117073
47.907555122
71.734817561
53.8497009756
74.1786278049
53.3040712195
65.7494473171
70.5195507317
74.95044
79.1762195122
81.4101463415
48.1370434146
73.4133131707
72.8810019512
49.660564878
57.0528034146
73.7943273171
68.5078029268
64.950864878
67.1343760976
72.3193414634
70.0926639024
74.4982736585
74.0457790244
61.0811697561
55.39404
70.0106868293
76.1661112195
78.2679292683
68.1003126829
72.5162882927
73.717117561
79.0174970732
74.8808956098
70.93862
72.5312721951
72.5229658537
62.6032585366
53.652482439
56.3760502439
55.5872473171
49.1721878049
74.8703253659
58.7396917073
50.4685141463
76.8126819512
76.4915209756
75.2316829268
74.2177243902
75.1097804878
81.6357073171
80.4849268293
70.4365009756
54.5387814634
79.8078717073
58.6304663415
56.6841160976
70.2570702439
73.6632687805
75.9439829268
74.492857561
75.5517365854
70.6353356098
70.3763829268
79.3001756098
65.9305497561
73.4166507317
74.6828360976
77.0772331707
67.5067819512
62.7259785366
47.3286746341
81.0946712195
82.1835609756
79.5234687805
79.9984360976
74.7512609756
49.9185926829
53.4951082927
58.5623390244
73.4007673171
61.5289785366
72.9900126829
78.5208146341
78.7597282927
79.1062609756
77.0675712195
79.6959102439
60.2260136585
78.7362780488
72.9716668293
73.9170214634
74.7210268293
70.4218258537
60.9945239024
81.5243414634
74.9834736585
60.9535760976
79.6460643902
69.3544858537
81.527804878
80.4733658537
68.8985590244
61.7491512195
80.2629756098
74.0423136585
60.5090287805
55.9097156098
59.242544878
53.6590146341
55.7544360976
80.0624326829
72.8355097561
70.9067229268
78.0013765854
66.0013595122
82.8409756098
72.4913995122
76.2638219512
61.0304609756
74.1731112195
68.0480965854
66.3447668293
80.4966829268
73.9401502439
68.6161029268
81.8102439024
81.3912195122
81.8433658537
74.6528346341
73.5212063415
82.6518956098
68.3562243902
58.3749653659
69.3095141463
66.0745653659
65.4209239024
80.291222439
69.9704502439
74.0397112195
64.2336590244
78.2674073171
59.1658473171
72.1036204878
74.4335395122
81.825902439
74.3173370732
47.0534185366
73.4354165854
80.4618814634
73.3140409756
79.3938946341
78.4639760976
72.6560009756
69.5430073171
63.1241317073
75.9673814634
75.8357268293
74.6086570732
55.7505273171
81.0254634146
64.7748521951
74.8227760976
67.3337039024
52.9156082927
61.8012463415
73.1949443902
55.9882053659
74.1077409756
61.8007946341
77.1334297561
57.5743795122
51.1301321951
73.6203819512
80.6325365854
80.6160497561
67.7219634146
80.3997434146
75.835622439
65.004415122
76.7119931707
73.76742
67.845242439
61.8928668293
75.7785795122
78.2098473171
69.2165863415
78.7275946341
72.5787087805
75.4012512195
77.6460463415
73.5889292683
68.5954146341
60.7641185366
73.8271868293
61.7861858537
63.644502439
80.9286678049
66.8957117073
47.907555122
71.734817561
53.8497009756
74.1786278049
53.3040712195
65.7494473171
70.5195507317
74.95044
79.1762195122
81.4101463415
48.1370434146
73.4133131707
72.8810019512
49.660564878
57.0528034146
73.7943273171
68.5078029268
64.950864878
67.1343760976
72.3193414634
70.0926639024
74.4982736585
74.0457790244
61.0811697561
55.39404
70.0106868293
76.1661112195
78.2679292683
68.1003126829
72.5162882927
73.717117561
79.0174970732
74.8808956098
70.93862
72.5312721951
72.5229658537
62.6032585366
53.652482439
56.3760502439
55.5872473171
49.1721878049
74.8703253659
58.7396917073
50.4685141463
76.8126819512
76.4915209756
75.2316829268
74.2177243902
75.1097804878
81.6357073171
80.4849268293
70.4365009756
54.5387814634
79.8078717073
58.6304663415
56.6841160976
70.2570702439
73.6632687805
75.9439829268
74.492857561
75.5517365854
70.6353356098
70.3763829268
79.3001756098
65.9305497561
73.4166507317
74.6828360976
77.0772331707
67.5067819512
62.7259785366
47.3286746341
81.0946712195
82.1835609756
79.5234687805
79.9984360976
74.7512609756
49.9185926829
53.4951082927
58.5623390244
73.4007673171
61.5289785366
72.9900126829
78.5208146341
78.7597282927
79.1062609756
77.0675712195
79.6959102439
60.2260136585
78.7362780488
72.9716668293
73.9170214634
74.7210268293
70.4218258537
60.9945239024
81.5243414634
74.9834736585
60.9535760976
79.6460643902
69.3544858537
81.527804878
80.4733658537
68.8985590244
61.7491512195
80.2629756098
74.0423136585
60.5090287805
55.9097156098
59.242544878
53.6590146341
55.7544360976
80.0624326829
72.8355097561
70.9067229268
78.0013765854
66.0013595122
82.8409756098
72.4913995122
76.2638219512
61.0304609756
74.1731112195
68.0480965854
66.3447668293
80.4966829268
73.9401502439
68.6161029268
81.8102439024
81.3912195122
81.8433658537
74.6528346341
73.5212063415
82.6518956098
68.3562243902
58.3749653659
69.3095141463
66.0745653659
65.4209239024
80.291222439
69.9704502439
74.0397112195
64.2336590244
78.2674073171
59.1658473171
72.1036204878
74.4335395122
81.825902439
74.3173370732
47.0534185366
73.4354165854
80.4618814634
73.3140409756
79.3938946341
78.4639760976
72.6560009756
69.5430073171
63.1241317073
75.9673814634
75.8357268293
74.6086570732
55.7505273171
81.0254634146
64.7748521951
74.8227760976
67.3337039024
52.9156082927
61.8012463415
73.1949443902
55.9882053659
74.1077409756
61.8007946341
77.1334297561
57.5743795122
51.1301321951
73.6203819512
80.6325365854
80.6160497561
67.7219634146
80.3997434146
75.835622439
65.004415122
76.7119931707
73.76742
67.845242439
61.8928668293
75.7785795122
78.2098473171
69.2165863415
78.7275946341
72.5787087805
75.4012512195
77.6460463415
73.5889292683
68.5954146341
60.7641185366
73.8271868293
61.7861858537
63.644502439
80.9286678049
66.8957117073
47.907555122
71.734817561
53.8497009756
74.1786278049
53.3040712195
65.7494473171
70.5195507317
74.95044
79.1762195122
81.4101463415
48.1370434146
73.4133131707
72.8810019512
49.660564878
57.0528034146
73.7943273171
68.5078029268
64.950864878
67.1343760976
72.3193414634
70.0926639024
74.4982736585
74.0457790244
61.0811697561
55.39404
70.0106868293
76.1661112195
78.2679292683
68.1003126829
72.5162882927
73.717117561
79.0174970732
74.8808956098
70.93862
72.5312721951
72.5229658537
62.6032585366
53.652482439
56.3760502439
55.5872473171
49.1721878049
74.8703253659
58.7396917073
50.4685141463
76.8126819512
76.4915209756
75.2316829268
74.2177243902
75.1097804878
81.6357073171
80.4849268293
70.4365009756
54.5387814634
79.8078717073
58.6304663415
56.6841160976
70.2570702439
73.6632687805
75.9439829268
74.492857561
75.5517365854
70.6353356098
70.3763829268
79.3001756098
65.9305497561
73.4166507317
74.6828360976
77.0772331707
67.5067819512
62.7259785366
47.3286746341
81.0946712195
82.1835609756
79.5234687805
79.9984360976
74.7512609756
49.9185926829
53.4951082927
58.5623390244
73.4007673171
61.5289785366
72.9900126829
78.5208146341
78.7597282927
79.1062609756
77.0675712195
79.6959102439
60.2260136585
78.7362780488
72.9716668293
73.9170214634
74.7210268293
70.4218258537
60.9945239024
81.5243414634
74.9834736585
60.9535760976
79.6460643902
69.3544858537
81.527804878
80.4733658537
68.8985590244
61.7491512195
80.2629756098
74.0423136585
60.5090287805
55.9097156098
59.242544878
53.6590146341
55.7544360976
80.0624326829
72.8355097561
70.9067229268
78.0013765854
66.0013595122
82.8409756098
72.4913995122
76.2638219512
61.0304609756
74.1731112195
68.0480965854
66.3447668293
80.4966829268
73.9401502439
68.6161029268
81.8102439024
81.3912195122
81.8433658537
74.6528346341
73.5212063415
82.6518956098
68.3562243902
58.3749653659
69.3095141463
66.0745653659
65.4209239024
80.291222439
69.9704502439
74.0397112195
64.2336590244
78.2674073171
59.1658473171
72.1036204878
74.4335395122
81.825902439
74.3173370732
47.0534185366
73.4354165854
80.4618814634
73.3140409756
79.3938946341
78.4639760976
72.6560009756
69.5430073171
63.1241317073
75.9673814634
75.8357268293
74.6086570732
55.7505273171
81.0254634146
64.7748521951
74.8227760976
67.3337039024
52.9156082927
61.8012463415
73.1949443902
55.9882053659
74.1077409756
61.8007946341
77.1334297561
57.5743795122
51.1301321951
73.6203819512
80.6325365854
80.6160497561
67.7219634146
80.3997434146
75.835622439
65.004415122
76.7119931707
73.76742
67.845242439
61.8928668293
75.7785795122
78.2098473171
69.2165863415
78.7275946341
72.5787087805
75.4012512195
77.6460463415
73.5889292683
68.5954146341
60.7641185366
73.8271868293
61.7861858537
63.644502439
80.9286678049
66.8957117073
47.907555122
71.734817561
53.8497009756
74.1786278049
53.3040712195
65.7494473171
70.5195507317
74.95044
79.1762195122
81.4101463415
48.1370434146
73.4133131707
72.8810019512
49.660564878
57.0528034146
73.7943273171
68.5078029268
64.950864878
67.1343760976
72.3193414634
70.0926639024
74.4982736585
74.0457790244
61.0811697561
55.39404
70.0106868293
76.1661112195
78.2679292683
68.1003126829
72.5162882927
73.717117561
79.0174970732
74.8808956098
70.93862
72.5312721951
72.5229658537
62.6032585366
53.652482439
56.3760502439
55.5872473171
49.1721878049
